Test Accuracy: 99.91%
Test Loss: 0.0026

              precision    recall  f1-score   support

           A      1.000     0.999     1.000      1962
           B      1.000     1.000     1.000      1929
           C      0.998     1.000     0.999      1953
           D      0.999     0.999     0.999      1948
           E      1.000     0.998     0.999      1943
           F      0.999     1.000     1.000      1973
           G      1.000     0.999     0.999      1947
           H      0.999     1.000     0.999      1952
           I      1.000     0.999     1.000      1933
           J      1.000     0.999     1.000      1944
           K      1.000     1.000     1.000      1950
           L      0.999     1.000     0.999      1958
           M      0.999     0.987     0.993      1934
           N      0.987     0.999     0.993      1941
           O      0.999     1.000     1.000      1945
           P      0.999     1.000     1.000      1953
           R      1.000     0.999     0.999      1936
           S      1.000     0.999     1.000      1956
           T      0.999     0.999     0.999      1958
           U      1.000     0.999     1.000      1925
           V      0.999     1.000     1.000      1946
           Y      1.000     0.999     1.000      1953
           Z      1.000     1.000     1.000      1957

    accuracy                          0.999     44796
   macro avg      0.999     0.999     0.999     44796
weighted avg      0.999     0.999     0.999     44796
